1.0 2.0 0.01 12.555688105929212 
1.0 3.0 0.01 11.688989297567405 
2.0 3.0 0.1 -0.8705972499303344 
1.0 3.0 0.1 -3.0123965242931385 
1.0 4.0 0.1 -2.5961641839085257 
1.0 5.0 0.01 16.30774918874126 
1.0 2.0 0.01 12.555688105929212 
1.0 3.0 0.01 11.688989297567405 
2.0 3.0 0.1 -0.8705972499303344 
1.0 3.0 0.1 -3.0123965242931385 
1.0 4.0 0.1 -2.5961641839085257 
1.0 5.0 0.01 16.30774918874126 
1.0 2.0 0.01 12.555688105929212 
1.0 3.0 0.01 11.688989297567405 
2.0 3.0 0.1 -0.8705972499303344 
1.0 3.0 0.1 -3.0123965242931385 
1.0 4.0 0.1 -2.5961641839085257 
1.0 5.0 0.01 16.30774918874126 
1.0 2.0 0.01 12.555688105929212 
1.0 3.0 0.01 11.688989297567405 
2.0 3.0 0.1 -0.8705972499303344 
1.0 3.0 0.1 -3.0123965242931385 
1.0 4.0 0.1 -2.5961641839085257 
1.0 5.0 0.01 16.30774918874126 
1.0 2.0 0.01 12.555688105929212 
1.0 3.0 0.01 11.688989297567405 
2.0 3.0 0.1 -0.8705972499303344 
1.0 3.0 0.1 -3.0123965242931385 
1.0 4.0 0.1 -2.5961641839085257 
1.0 5.0 0.01 16.30774918874126 
